3.1410    0
3.0540    1
2.9890    2
2.9440    3
2.9070    4
2.8760    5
2.8470    6
2.8210    7
2.7970    8
2.7750    9
2.7540   10
2.7330   11
2.7140   12
2.6960   13
2.6780   14
2.6610   15
2.6440   16
2.6280   17
2.6120   18
2.5970   19
2.5820   20
2.5670   21
2.5530   22
2.5390   23
2.5250   24
2.5120   25
2.4990   26
2.4860   27
2.4730   28
2.4600   29
2.4480   30
2.4360   31
2.4240   32
2.4120   33
2.4000   34
2.3890   35
2.3770   36
2.3660   37
2.3550   38
2.3440   39
2.3330   40
2.3220   41
2.3120   42
2.3010   43
2.2910   44
2.2800   45
2.2700   46
2.2600   47
2.2500   48
2.2400   49
2.2300   50
2.2200   51
2.2100   52
2.2000   53
2.1910   54
2.1810   55
2.1710   56
2.1620   57
2.1520   58
2.1430   59
2.1340   60
2.1250   61
2.1150   62
2.1060   63
2.0970   64
2.0880   65
2.0790   66
2.0700   67
2.0610   68
2.0520   69
2.0440   70
2.0350   71
2.0260   72
2.0170   73
2.0090   74
2.0000   75
1.9910   76
1.9830   77
1.9740   78
1.9660   79
1.9570   80
1.9490   81
1.9400   82
1.9320   83
1.9240   84
1.9150   85
1.9070   86
1.8990   87
1.8900   88
1.8820   89
1.8740   90
1.8660   91
1.8580   92
1.8490   93
1.8410   94
1.8330   95
1.8250   96
1.8170   97
1.8090   98
1.8010   99
1.7930  100
1.7850  101
1.7770  102
1.7690  103
1.7610  104
1.7530  105
1.7450  106
1.7370  107
1.7290  108
1.7210  109
1.7130  110
1.7050  111
1.6970  112
1.6890  113
1.6810  114
1.6730  115
1.6660  116
1.6580  117
1.6500  118
1.6420  119
1.6340  120
1.6260  121
1.6180  122
1.6110  123
1.6030  124
1.5950  125
1.5870  126
1.5790  127
1.5710  128
1.5630  129
1.5560  130
1.5480  131
1.5400  132
1.5320  133
1.5240  134
1.5160  135
1.5090  136
1.5010  137
1.4930  138
1.4850  139
1.4770  140
1.4690  141
1.4610  142
1.4530  143
1.4450  144
1.4380  145
1.4300  146
1.4220  147
1.4140  148
1.4060  149
1.3980  150
1.3900  151
1.3820  152
1.3740  153
1.3660  154
1.3580  155
1.3500  156
1.3420  157
1.3340  158
1.3260  159
1.3180  160
1.3090  161
1.3010  162
1.2930  163
1.2850  164
1.2770  165
1.2690  166
1.2600  167
1.2520  168
1.2440  169
1.2360  170
1.2270  171
1.2190  172
1.2110  173
1.2020  174
1.1940  175
1.1850  176
1.1770  177
1.1680  178
1.1600  179
1.1510  180
1.1430  181
1.1340  182
1.1250  183
1.1170  184
1.1080  185
1.0990  186
1.0900  187
1.0810  188
1.0720  189
1.0630  190
1.0540  191
1.0450  192
1.0360  193
1.0270  194
1.0180  195
1.0090  196
0.9990  197
0.9900  198
0.9810  199
0.9710  200
0.9620  201
0.9520  202
0.9420  203
0.9330  204
0.9230  205
0.9130  206
0.9030  207
0.8930  208
0.8830  209
0.8730  210
0.8620  211
0.8520  212
0.8420  213
0.8310  214
0.8200  215
0.8100  216
0.7990  217
0.7880  218
0.7760  219
0.7650  220
0.7540  221
0.7420  222
0.7310  223
0.7190  224
0.7070  225
0.6950  226
0.6820  227
0.6700  228
0.6570  229
0.6440  230
0.6310  231
0.6170  232
0.6040  233
0.5900  234
0.5750  235
0.5610  236
0.5460  237
0.5310  238
0.5150  239
0.4990  240
0.4820  241
0.4650  242
0.4470  243
0.4280  244
0.4090  245
0.3890  246
0.3680  247
0.3450  248
0.3210  249
0.2950  250
0.2670  251
0.2350  252
0.1990  253
0.1540  254
0.0000  255
